./XFOIL6.99/wing1
1.0000559861779585     0.0025193780081356125
0.9900162292213974     0.005782067897716344
0.9799743141739653     0.009005042847007785
0.9699302822943869     0.012189015953003535
0.9598841734055638     0.01533466618174134
0.9498360259342152     0.018442638228993224
0.9397858769505902     0.021513542374358704
0.9297337622082552     0.024547954328370262
0.9196797161839608     0.027546415072189707
0.9096237721175904     0.03050943068944383
0.8995659620521975     0.033437472189717946
0.889506316874133     0.0363309753231857
0.8794448663532695     0.03919034038582004
0.8693816391833269     0.042015932014585644
0.8593166630223045     0.044808078971967674
0.8492499645330263     0.047567073919143214
0.8391815694238036     0.050293173177049094
0.8291115024892253     0.05298659647453652
0.8190397876510777     0.05564752668274483
0.8089664479994074     0.05827610953475138
0.7988915058337303     0.060872453329482254
0.7888149827043982     0.06343662861877943
0.7787368994541329     0.06596866787643421
0.7686572762597352     0.06846856514788939
0.7585761326739828     0.07093627567920564
0.7484934876677264     0.07337171552376479
0.738409359672199     0.07577476112504512
0.7283237666215499     0.07814524887366024
0.7182367259956192     0.0804829746366825
0.7081482548629707     0.08278769325709817
0.6980583699241959     0.08505911802103211
0.687967087555513     0.08729692009016449
0.6778744238526789     0.08950072789650845
0.6677803946752363     0.09167012649644542
0.6576850156911206     0.09380465688060739
0.6475883024216537     0.09590381523585174
0.6374902702869529     0.09796705215519173
0.6273909346517864     0.0999937717911199
0.6172903108719092     0.101983330947275
0.6071884143409195     0.10393503810287055
0.5970852605376754     0.10584815236368879
0.5869808650743165     0.10772188233276242
0.5768752437449438     0.10955538489309032
0.5667684125750118     0.111347763893857
0.556660387871492     0.11309806873063098
0.5465511862738799     0.11480529280888552
0.5364408248061181     0.11646837187889626
0.5263293209295189     0.11808618222859837
0.5162166925967808     0.11965753871929997
0.5061029583072026     0.1211811926472113
0.4959881371632117     0.12265582941152649
0.48587224892833447     0.1240800659672199
0.4757553140867587     0.12545244803775016
0.4656373539046498     0.12677144705941037
0.455518390493408     0.12803545682504927
0.4453984468750777     0.1292427897901958
0.4352775470501454     0.13039167299912544
0.4251557160680014     0.13148024358194788
0.4150329801003723     0.13250654376617477
0.40490936651808257     0.13346851533720278
0.3947849039715518     0.13436399347141958
0.38465962247549873     0.13519069985283716
0.37453355349839845     0.13594623496880429
0.36440673005732305     0.13662806946186504
0.354279186818907     0.13723353439246563
0.34415096020729924     0.13775981024001024
0.33402208852012116     0.13820391443652313
0.3238926120536325     0.13856268718630604
0.3137625732385326     0.13883277527444787
0.30363201678810625     0.13901061350417845
0.29350098986076006     0.139092403324325
0.2833695422394301     0.1390740881088324
0.2732377265308698     0.1389513244241451
0.2631055983885083     0.1387194484586622
0.25297321676343054     0.13837343657976262
0.24284064418913404     0.1379078587118382
0.23270794710715978     0.13731682287066047
0.2225751962425735     0.13659390871302468
0.21244246704077469     0.13573208731964354
0.20230984018046025     0.13472362355612974
0.19217740218212587     0.13355995615142816
0.18204524613777845     0.13223154894416356
0.1719134725963372     0.13072770434283687
0.16178219065177185     0.12903632656122652
0.1516515192992876     0.12714361704060603
0.14152158915201207     0.12503367669172102
0.1313925446519395     0.12268797754872238
0.12126454697349118     0.12008464726699775
0.11113777792229046     0.1171974784331459
0.10101244530605494     0.11399452108539881
0.08762260617897635     0.11021304082194892
0.07418865789454732     0.10549003369122631
0.061157877189451676     0.0997812760217298
0.0486095653639088     0.0930278394994008
0.03663871975902022     0.08513961953352477
0.02536870600655073     0.07596859681626114
0.01497959589807962     0.06524915780439888
0.005784045364575073     0.052434802463963426
-0.00148437864087962     0.03605413776531287
0.0     0.0
0.021686398842899732     -0.028381451304747656
0.03461999503946515     -0.03790567278331866
0.04562646470798093     -0.04467982814416015
0.05543937480152993     -0.05017531041691417
0.06437138125108055     -0.05493861963555523
0.0726025558482123     -0.05923536934329429
0.08025626422468954     -0.06321357884797206
0.08742750372161423     -0.06696335274030293
0.0941955756392053     -0.07054361933434562
0.10100775671414683     -0.07399457147078403
0.11108444429993164     -0.07720357506475695
0.12115969545075103     -0.08010686722187763
0.13123371797432304     -0.08273639790391416
0.14130669367627058     -0.08511837452426771
0.15137878373101538     -0.08727466942755067
0.16145013258055124     -0.08922381057961214
0.171520870838006     -0.0909816970697065
0.1815911174985851     -0.09256212745656026
0.19166098165625778     -0.09397719752639494
0.20173056385994373     -0.09523760487070962
0.2117999572016494     -0.09635288565087957
0.22186924820187093     -0.09733160113795991
0.23193851753930475     -0.0981814864663379
0.2420078406593506     -0.09890957055530086
0.25207728828707443     -0.09952227374805359
0.2621469268640168     -0.10002548802882447
0.2722168189236756     -0.10042464347322173
0.2822870234171354     -0.10072476371386639
0.29235759599782557     -0.1009305125623594
0.3024285892724997     -0.1010462334522563
0.31250005302409345     -0.10107598300961221
0.3225720344110139     -0.10102355978559989
0.33264457814654536     -0.10089252897698954
0.3427177266613876     -0.1006862437986922
0.35279152025179994     -0.10040786404640623
0.362865997215404     -0.10006037228810725
0.37294119397634895     -0.09964658804439117
0.3830171452012688     -0.09916918025481175
0.39309388390723604     -0.09863067827682492
0.4031714415627254     -0.0980334816230819
0.41324984818245597     -0.09737986860957068
0.423329132416847     -0.09667200405990363
0.43340932163672313     -0.09591194618868407
0.44349044201381116     -0.09510165276840032
0.453572518597501     -0.09424298666894275
0.4636555753882795     -0.09333772084603581
0.4737396354081907     -0.09238754284415063
0.48382472076863503     -0.09139405887043839
0.4939108527357781     -0.09035879748860605
0.5039980517938073     -0.08928321297519495
0.5140863377062495     -0.08816868837523077
0.5241757295755315     -0.08701653828951933
0.5342662459009524     -0.08582801142185041
0.5443579046352109     -0.08460429291091592
0.5544507232396192     -0.08334650646878065
0.5645447187381195     -0.08205571634516898
0.5746399077702076     -0.08073292913460763
0.5847363066428553     -0.0793790954415281
0.5948339313815164     -0.07799511141674585
0.6049327977802924     -0.07658182017726203
0.615032921451323     -0.07514001312004397
0.6251343178734662     -0.07367043113930938
0.6352370024403198     -0.07217376575584473
0.6453409905076392     -0.0706506601660113
0.6554462974401926     -0.06910171021731655
0.665552938658097     -0.0675274653167472
0.6756609296826744     -0.06592842927744588
0.6857702861818608     -0.06430506110878062
0.6958810240151981     -0.06265777575436998
0.7059931592784434     -0.06098694478220079
0.7161067083478151     -0.05929289703059292
0.7262216879239047     -0.05757591921342149
0.7363381150752757     -0.05583625648770023
0.7464560072817684     -0.05407411298635678
0.7565753824775323     -0.052289652318777566
0.7666962590938     -0.05048299804148426
0.7768186561014226     -0.04865423410109508
0.7869425930531775     -0.04680340525154933
0.7970680901258658     -0.0449305174474042
0.8071951681622087     -0.04303553821486842
0.8173238487125586     -0.041118397002099995
0.8274541540764313     -0.039178985510172834
0.8375861073438731     -0.037217158006009596
0.8477197324366708     -0.03523273161847095
0.8578550541494127     -0.033225486618705655
0.8679920981904106     -0.03119516668577692
0.8781308912224881     -0.02914147915850763
0.8882714609036447     -0.02706409527441264
0.8984138359276005     -0.024962650396527272
0.9085580460642277     -0.02283674422887857
0.9187041221998776     -0.020685941021292908
0.9288520963776034     -0.01850976976418495
0.9390020018372887     -0.01630772437392791
0.9491538730556838     -0.014079263869359976
0.9593077457863554     -0.011823812539948674
0.9694636570995525     -0.00954076010609449
0.9796216454219943     -0.007229461872025382
0.9897817505765825     -0.00488923887170363
0.9999440138220415     -0.0025193780081356125