Angle of attack = 4.5, 20 Particles, .1, .1, .1, .1

50, 5000:       [4.907627032155535, 2.285456846485068, 8.45272295949796]
60, 5000:       [3.8746696502972826, 2.7775811865827182, 7.574126615087257]
70, 5000:        [4.662867194338153, 4.298490221271511, 13.634831983875769]
80, 5000:       [4.212054555232099, 3.28482922705467, 15.680815537725707]
90, 5000:        [3.862909287810738, 2.7555030984533033, 6.721101758513292]
100, 5000:       [3.8676252847737045, 4.125417892535507, 17.87876720535123]
110, 5000:        [4.984804352500106, 2.3735673826237433, 10.439013464174643]
120, 5000:       [4.773216888481903, 5.014635266570139, 15.180474353496596]

[4.907627032155535, 2.285456846485068, 8.45272295949796]
[3.8746696502972826, 2.7775811865827182, 7.574126615087257]
[4.662867194338153, 4.298490221271511, 13.634831983875769]
[4.212054555232099, 3.28482922705467, 15.680815537725707]
[3.862909287810738, 2.7555030984533033, 6.721101758513292]
[3.8676252847737045, 4.125417892535507, 17.87876720535123]
[4.984804352500106, 2.3735673826237433, 10.439013464174643]
[4.773216888481903, 5.014635266570139, 15.180474353496596]

